#col0row7,col0row6,col0row5,col0row4,col0row3,col0row2,col0row1,col0row0#
00000000000000010000000000010001
00010000000100000000000000000001
00000000000100000001000000000001
00000001000000010001000000000000
00000000000000000000000000010000
00000000000000000000000000000000
00000000000000000001000000010000
00010000000000010001000000000000
00000000000000000000000000000001
00000001000000010000000000000001
00010000000000000000000100010000
00000000000100000000000100010000
00010000000000000001000000000000
00000000000000000000000000010001
00000001000000000000000100000000
00000000000000010000000000000000
00000000000000010000000000000000
00000000000000000000000000000000
00000000000000000001000100000001
00010000000000000001000100000000
00000001000000000001000000010001
00010001000100000000000000000001
00000000000000010000000100000001
00000000000000010000000000000000
00000000000000000001000000000000
00000000000000000000000000000000
00000000000000000000000000000000
00000000000000000000000000000000
00000000000000000000000100000000
00000000000000000001000000000000
00000001000000010000000100000001
00000000000100000000000000000000
00000000000000000000000000010000
00000001000100000000000000000001
00000000000000000000000000000001
00010000000000000000000000010000
00000000000000000000000100000000
00000000000000000001000100000001
00000001000000000000000000000001
00000000000000000001000000000000
00000000000100000000000000010001
00000000000000000000000000000001
00000000000000010000000000000000
00010000000000010000000000000001
00010000000000000000000000010000
00000000000000000000000000000000
00000000000000000000000100010000
00010001000000000001000000000000
00000000000000000000000000000000
00000000000000000000000000000000
00000000000000000001000100000000
00000000000000000000000000000000
00010000000100000001000000000000
00010000000000000000000000000000
00010000000000000001000100000000
00000000000100000001000000010000
00000000000000000000000100000000
00000000000000010000000000010000
00000001000000010001000000010000
00000000000000010001000100000000
00010000000000000000000000010000
00000000000000000000000100010000
00000000000000000000000000000000
00010000000100000000000000000000
00010000000000000000000100000001
00000000000000000000000000000000
00010001000100010001000000000000
00000000000000000000000000000000
00010000000100000000000000000000
00000000000000000000000000000000
00010001000000000001000100010000
00000000000000010001000000010000