00000000000
00000000001
00001001010
00001001011
00010010100
00010010101
00011100100
00011100101
00100101110
00100101111
00101111000
00101111001
00111001000
00111001001
01000010010
01000010011
01001011100
01001011101
00000000010
00000000011
00001001100
00001001101
00010010110
00010010111
00011100110
00011100111
00100110000
00100110001
00101111010
00101111011
00111001010
00111001011
01000010100
01000010101
01001011110
01001011111
00000000100
00000000101
00001001110
00001001111
00010011000
00010011001
00011101000
00011101001
00100110010
00100110011
00101111100
00101111101
00111001100
00111001101
01000010110
01000010111
01001100000
01001100001
00000000110
00000000111
00001010000
00001010001
00010011010
00010011011
00011101010
00011101011
00100110100
00100110101
00101111110
00101111111
00111001110
00111001111
01000011000
01000011001
01001100010
01001100011
00000001100
00000001101
00001010110
00001010111
00010100000
00010100001
00011110000
00011110001
00100111010
00100111011
00110000100
00110000101
00111010100
00111010101
01000011110
01000011111
01001101000
01001101001
00000001110
00000001111
00001011000
00001011001
00010100010
00010100011
00011110010
00011110011
00100111100
00100111101
00110000110
00110000111
00111010110
00111010111
01000100000
01000100001
01001101010
01001101011
00000010000
00000010001
00001011010
00001011011
00010100100
00010100101
00011110100
00011110101
00100111110
00100111111
00110001000
00110001001
00111011000
00111011001
01000100010
01000100011
01001101100
01001101101
00000010010
00000010011
00001011100
00001011101
00010100110
00010100111
00011110110
00011110111
00101000000
00101000001
00110001010
00110001011
00111011010
00111011011
01000100100
01000100101
01001101110
01001101111
00000011000
00000011001
00001100010
00001100011
00010101100
00010101101
00011111100
00011111101
00101000110
00101000111
00110010000
00110010001
00111100000
00111100001
01000101010
01000101011
01001110100
01001110101
00000011010
00000011011
00001100100
00001100101
00010101110
00010101111
00011111110
00011111111
00101001000
00101001001
00110010010
00110010011
00111100010
00111100011
01000101100
01000101101
01001110110
01001110111
00000011100
00000011101
00001100110
00001100111
00010110000
00010110001
00100000000
00100000001
00101001010
00101001011
00110010100
00110010101
00111100100
00111100101
01000101110
01000101111
01001111000
01001111001
00000011110
00000011111
00001101000
00001101001
00010110010
00010110011
00100000010
00100000011
00101001100
00101001101
00110010110
00110010111
00111100110
00111100111
01000110000
01000110001
01001111010
01001111011
00000100100
00000100101
00001101110
00001101111
00010111000
00010111001
00100001000
00100001001
00101010010
00101010011
00110011100
00110011101
00111101100
00111101101
01000110110
01000110111
01010000000
01010000001
00000100110
00000100111
00001110000
00001110001
00010111010
00010111011
00100001010
00100001011
00101010100
00101010101
00110011110
00110011111
00111101110
00111101111
01000111000
01000111001
01010000010
01010000011
00000101000
00000101001
00001110010
00001110011
00010111100
00010111101
00100001100
00100001101
00101010110
00101010111
00110100000
00110100001
00111110000
00111110001
01000111010
01000111011
01010000100
01010000101
00000101010
00000101011
00001110100
00001110101
00010111110
00010111111
00100001110
00100001111
00101011000
00101011001
00110100010
00110100011
00111110010
00111110011
01000111100
01000111101
01010000110
01010000111